result_time_list
0
1,5450413227081299
4,612133502960205
9,05037522315979
result_particle_velocity
0,20591260281974
0,09789783586572368
0,11232333887315712
result_distance_list
0,31814348022288486
0,3002616868473622
0,4985181287389618result_time_list
0
result_particle_velocity
result_distance_listresult_time_list
0
result_particle_velocity
result_distance_listresult_time_list
0
0.020951509475708008
0.03217339515686035
0.06174206733703613
0.07271742820739746
0.09732675552368164
0.10329365730285645
0.11761713027954102
0.12559723854064941
0.18858098983764648
0.19356274604797363
0.21850037574768066
0.23047804832458496
0.2675344944000244
0.2735257148742676
0.285494327545166
0.28948521614074707
0.31952357292175293
0.32941174507141113
0.33240485191345215
0.4197702407836914
0.42794322967529297
0.43493080139160156
0.43493080139160156
0.46431422233581543
0.46431422233581543
0.4732859134674072
0.4862511157989502
0.5305275917053223
0.5524218082427979
0.5563807487487793
0.6348872184753418
0.6439611911773682
0.6439611911773682
0.6688008308410645
0.7237391471862793
0.745680570602417
0.7596426010131836
0.7676215171813965
0.7975418567657471
0.803525447845459
0.8214776515960693
0.8324730396270752
0.8873250484466553
0.8942832946777344
0.8983128070831299
0.9042844772338867
0.9082705974578857
0.9304606914520264
0.9364438056945801
0.9485287666320801
0.9744923114776611
0.9996461868286133
1.0189838409423828
1.0259408950805664
1.0259408950805664
1.0469508171081543
1.0900051593780518
1.1063694953918457
1.111457347869873
1.1400964260101318
1.2526240348815918
1.2845089435577393
1.3247621059417725
1.326751708984375
1.3518378734588623
1.3895223140716553
1.4016754627227783
1.4306397438049316
1.4455814361572266
1.452561855316162
1.4575374126434326
1.4718265533447266
1.4768130779266357
1.4887816905975342
1.5007495880126953
1.5366535186767578
1.5436344146728516
1.55460524559021
1.5745556354522705
1.588519811630249
1.6319396495819092
1.6349411010742188
1.6349411010742188
1.6459453105926514
1.6519310474395752
1.6848790645599365
1.7371180057525635
1.7683424949645996
1.8063981533050537
1.8238980770111084
1.8658783435821533
1.8658783435821533
1.8918144702911377
1.8918144702911377
1.9137260913848877
1.9177765846252441
1.9177765846252441
1.9237189292907715
1.929720401763916
1.929720401763916
1.929720401763916
1.9696519374847412
1.9696519374847412
1.9696519374847412
1.972759485244751
1.9836971759796143
1.9886837005615234
1.9886837005615234
2.0016491413116455
2.0016491413116455
2.0016491413116455
result_particle_velocity
0.02
0.04204548096813607
0.13807559632245117
0.11857764931282559
0.2671911024637667
0.12737245334706
0.05993706238714665
0.16730758343958538
0.19980893007826545
0.08787653847908894
0.16815805067533662
0.08841406178757685
0.08220734487444664
0.13972310463150273
0.19595840890002175
0.05766210323124999
0.2294779720603361
0.14245920208117835
0.031119298754384427
0.16272581249648613
0.15178093449764948
0.13024784465040967
0.1391718022768403
0.19875162200558266
0.18749239376995233
0.2151724720825847
0.141122907210665
0.12935870288637166
0.14539405047972354
0.1261238294299991
0.1658348117159429
0.19813551217820463
0.2168837368867883
0.08505208805280343
0.15352034854052837
0.16821338367709063
0.12248372816877355
0.03992336814569689
0.06774157810839665
0.14808401035154595
0.09443505426410372
0.06879071866149976
0.12217726490501046
0.14942401271179467
0.15644609466049886
0.1992574700280106
0.14193570794904425
0.17766454644521593
0.24172553727334353
0.11746358158365514
0.04828005336715286
0.05783625414472999
0.1919998367317825
0.20675079190580395
0.11682354120162043
0.011809848810305475
0.09189634671410657
0.13472486726956795
0.07112416602415272
0.09474021691299823
0.19033249612872344
0.10287825071724233
0.09545942254699119
0.11178055639384778
0.017022165084112105
0.24338133982277052
0.13550982973839074
0.02137457349302842
0.1704283088613485
0.12067046549627858
0.10249326361331214
0.17483789783097609
0.18789957148727496
0.1155519906101833
0.09903230502189198
0.048495533879796514
0.26734874752974375
0.252645558079099
0.1562302877459367
0.1970383305778373
0.12789699576059432
0.19332219011394094
0.13334606177027075
0.11927766854282826
0.24774621953807674
0.16177582676875782
0.04580192714016228
0.1626453776699215
0.1585036542865407
0.13500417717399418
0.1880130229011927
0.13707104776150142
0.16516549099471695
0.15517975863968833
0.058968316820110764
0.0375265572186528
0.0946496428788748
0.2174904281301407
0.2060442860112675
0.08516430144451662
0.054908133853590536
0.10701342114906245
0.11454759646802035
0.15950675377699167
0.1603845512817865
0.10214105891425505
0.05945377949825426
0.11548497733558703
0.18007008514163678
0.18774728708588306
0.22753266947473952
result_distance_list
0.00041903018951416015
0.00047182958083348954
0.004082712043740843
0.001301432492367414
0.006575393296529659
0.0007600189184944321
0.0008585068934041522
0.001335132628752318
0.012584715958968548
0.00043777949131025394
0.004193463198766114
0.0010589946832857814
0.003046312042344986
0.000837111925193079
0.0023453502957298976
0.00023012303018281308
0.00689314119813007
0.0014086611144816378
9.314338602126648e-05
0.01421660388798115
0.0012405038916061936
0.0009101161553893582
0.0
0.005840002572735315
0.0
0.0019304609595460086
0.0018296870456018359
0.005727547491627978
0.0031832888244637233
0.0004993167370999182
0.013019105625587862
0.0017978762288070416
0.0
0.002112663219876605
0.00843414947354719
0.003690841075520271
0.0017101215375164862
0.00031854520758721645
0.0020268510209830374
0.0008860741633874771
0.0016953173353491348
0.0007563806446149458
0.0067016684121218055
0.001039729073284561
0.0006304014792101601
0.0011898998860815958
0.0005657727959633042
0.003942392985045704
0.0014462715048490897
0.0014195427950173167
0.00125352133074512
0.0014548059275225277
0.0037128264326194323
0.0014383764524010085
0.0
0.00024812400266211967
0.003956536764782311
0.0022046829974129998
0.00036186926435361367
0.002713272475196424
0.021417660679901657
0.0032802636288810734
0.003842543636870077
0.00022239893510500423
0.0004270208330119113
0.00917168964681318
0.001646871104499037
0.0006190991546632189
0.002546487359128168
0.0008423304292678939
0.000509961108767083
0.0024982833220252728
0.0009369658321514978
0.001382997018964577
0.0011852084672889498
0.001741180285936908
0.001866333801191067
0.002771731699707446
0.0031168551487933374
0.002751477962003691
0.005553266830429172
0.0005802471760140425
0.0
0.0013125564555154414
0.001482943674975146
0.005330192710037641
0.0023926441783839215
0.005078518840442006
0.0060319609132420465
0.002362562800543588
0.007892836820220043
0.0
0.004283753102390596
0.0
0.001292091414698472
0.00015200106634800253
0.0
0.0012924030854023997
0.0012365691107453407
0.0
0.0
0.004273210249221498
0.0
0.0
0.000498402653075887
0.001117187313735572
0.0002964677329554529
0.0
0.002334688019773328
0.0
0.0result_time_list
0
2.707359552383423
3.490065336227417
5.190468788146973
5.2632739543914795
8.060896873474121
result_particle_velocity
0.12649110640673517
0.0602285319606703
0.1720533675207224
0.16881524014999086
0.23871107676648867
result_distance_list
0.3424569052218224
0.0471412203180495
0.29256014004662034
0.01229062162372643
0.6678235794008246