result_time_list
0
7,211733102798462
9,98588514328003
10,66089653968811
11,37479829788208
12,942674160003662
15,539456129074097
16,897119522094727
17,9282968044281
18,46728014945984
25,178860425949097
28,348922967910767
28,526329517364502
28,57589888572693
29,34095525741577
29,68327260017395
29,712480545043945
34,317217111587524
35,15300488471985
37,550044536590576
38,5077965259552
42,37181043624878
48,05253481864929
48,9708731174469
50,988266468048096
51,171738624572754
52,02463126182556
54,049335956573486
54,489890336990356
55,20599031448364
61,8028678894043
64,73733282089233
66,57683110237122
71,01183152198792
72,84322166442871
76,5742518901825
77,34405183792114
77,59080815315247
80,80866384506226
81,85931587219238
83,2441053390503
83,80444264411926
85,10438060760498
85,45780277252197
85,62970972061157
87,4753942489624
89,90897917747498
93,19288349151611
93,84878611564636
97,9249997138977
98,72811365127563
99,22129344940186
102,1852958202362
108,18373012542725
108,18864369392395
108,87663507461548
112,77253365516663
114,36094355583191
115,04526090621948
117,8370189666748
117,97785925865173
118,63360905647278
120,55608534812927
120,7458484172821
121,59487843513489
123,43281674385071
124,72384142875671
127,148930311203
135,94351434707642
136,1612377166748
141,2466070652008
142,5696198940277
146,54910039901733
148,7402970790863
149,2141978740692
150,14475893974304
153,2758297920227
154,90583729743958
154,90775227546692
158,95503997802734
163,51202154159546
164,26656770706177
168,9121448993683
170,22171211242676
171,82766580581665
171,8783745765686
175,15750122070312
176,9251618385315
178,15253281593323
182,4753999710083
183,75730562210083
184,52670764923096
186,9926426410675
187,33784699440002
187,9883587360382
188,34883069992065
188,54383850097656
189,07419872283936
189,11562728881836
189,1777265071869
189,68400263786316
190,8428599834442
191,83114075660706
192,38934469223022
193,38664722442627
194,27973699569702
195,60216856002808
196,03436589241028
196,5004904270172
197,09901976585388
198,04009342193604
200,65188694000244
201,1366891860962
201,46166729927063
203,35368394851685
207,14260745048523
209,0156180858612
209,7836048603058
210,3070685863495
214,01044535636902
214,93347597122192
215,17498397827148
219,67474365234375
223,94826436042786
227,7701542377472
229,26374101638794
229,74489569664001
229,92835903167725
233,1084861755371
235,29129123687744
237,68317699432373
242,41270565986633
242,62779355049133
242,7589728832245
244,1320629119873
244,28103613853455
247,37660336494446
248,1484956741333
248,92727375030518
249,4326252937317
249,54706859588623
251,2716579437256
254,01594519615173
255,05937123298645
255,55976629257202
255,79548358917236
257,5070209503174
260,9597487449646
261,3892152309418
266,7377579212189
266,79596996307373
268,2401216030121
270,5875630378723
273,56000423431396
274,0407338142395
274,44684290885925
274,65287160873413
276,1836953163147
276,30955958366394
277,03252124786377
278,33590173721313
282,40771985054016
282,78375029563904
287,34917306900024
290,9002368450165
294,4928848743439
296,8009159564972
301,1299030780792
301,76613426208496
305,5638954639435
305,75814628601074
307,8696494102478
308,03803300857544
308,7886369228363
309,07885003089905
309,28442549705505
312,4535572528839
313,30997109413147
313,9709815979004
314,8956489562988
316,9451193809509
317,25506806373596
325,76866579055786
326,07905292510986
326,27614307403564
327,2935152053833
328,15817975997925
328,80529856681824
332,29051184654236
336,7195143699646
338,19156885147095
339,11479568481445
339,83246755599976
340,53223299980164
342,31125950813293
344,0249903202057
344,5656850337982
344,60641646385193
344,70324969291687
344,9291594028473
346,6981098651886
result_particle_velocity
0,18110770276274832
0,26565130452703084
0,25651060148076904
0,20181334144279992
0,14155373874787788
0,17541766358780492
0,14875794779065094
0,2992402765818161
0,18141994551007357
0,16182428195829185
0,12686734766969607
0,18437951866528465
0,23521320499985265
0,21354916058358983
0,14248971648861866
0,07410761145577299
0,07788519697818554
0,193421664364641
0,15756668840722454
0,2456236893403178
0,12791974698344055
0,13682739380400702
0,23711702472722754
0,05606446146380461
0,05781248592095862
0,24316560084406577
0,11073417081904599
0,11092455374415174
0,1740842540709869
0,22205213879463306
0,1905108613349859
0,0857881614408859
0,16722347493122922
0,18379251180262085
0,12124189544351069
0,1339805086751625
0,30619152690148826
0,14483822240580185
0,2214842920292918
0,12960254823933504
0,22940773017213023
0,06993989658439421
0,13904535390193504
0,1845213092346274
0,16743528996838555
0,20751618587719395
0,17012481157959927
0,18451053025928865
0,08895905896000829
0,19633266956504206
0,18126188286576903
0,11101064736168909
0,09603216902247423
0,08062644559306774
0,13028402390319035
0,11026176740716437
0,18031503154004497
0,2560489197951189
0,26827646357597784
0,24971330986298507
0,08834598312797377
0,14366933079570993
0,21924865216023234
0,07217518301883442
0,15284607122061317
0,04527583319570471
0,18761557707904233
0,16815600551208434
0,14890524937995203
0,1527474473773108
0,24920941085520149
0,14619635716134305
0,24864265477182695
0,20682786738330147
0,07645472007116505
0,1076993531753792
0,13377653000657605
0,07387315750599222
0,08715488604432264
0,09024058804221136
0,17696350845471515
0,1426001545191368
0,12751514726504473
0,2499013697404745
0,0266286623685731
0,08795148913561268
0,19220713800083616
0,13245803562254785
0,1177393606581876
0,03050960627217875
0,11437577556433877
0,07276906393533719
0,11466305072318426
0,22831980256358514
0,22793678028032444
0,29820445907392673
0,19337058527374115
0,18046748030742696
0,1601749155981995
0,092928559367762
0,25117678411194844
0,2000418244825805
0,19579698617561261
0,2267000966031687
0,11147626598484194
0,22678119270698335
0,1135718389712735
0,23786060958918837
0,22642264942991236
0,26538800432168747
0,09482681660893878
0,14780214761210655
0,2181665406808469
0,3028857953960734
0,2162795196421777
0,2594109778223412
0,25798886805550364
0,032984798912154056
0,05660483710524636
0,264673573764835
0,15108583759795183
0,14367791007369043
0,21673080674850287
0,17975053231198293
0,1008404286893367
0,06882213336927152
0,07115872369795387
0,06232976720602478
0,07450298280546615
0,1642208449786261
0,08791432564127706
0,23622585624770012
0,31162053328225253
0,15381095312603965
0,11269050348160371
0,16938678895565368
0,21725734848859846
0,2483544475448698
0,16082224888407545
0,24338029644235093
0,17008030555617729
0,06083667690379925
0,30543027555849117
0,2676939033747285
0,039921382735497904
0,0373890895700206
0,23554016673446682
0,22169994899426373
0,24481801230527023
0,09401944116066467
0,19881068682751615
0,25772673904580595
0,18361770768782784
0,09785647135982557
0,17457483426428366
0,05041866631504324
0,129765478287966
0,032608726630556646
0,274841542659551
0,2802277443574898
0,34078491026993646
0,11341266625984714
0,047985371146232386
0,18238122993808747
0,19620729810480927
0,21875650425553986
0,2134149691801108
0,2596571781063027
0,17463534950337875
0,03607121454242071
0,1241467001555872
0,2647539968248297
0,061562229235161386
0,16675866975354878
0,18587742748283134
0,1341512388135555
0,12500141228677586
0,16434244724117553
0,0560449944679471
0,12718758578534375
0,15754702053190078
0,2842117842194457
0,1665668332561343
0,16865446846612495
0,2195173126817804
0,12974249359872336
0,2332616408739928
0,12798320063505625
0,12053784396892303
0,10739861133245711
0,2957805591472793
0,1559275438170374
0,22433077103739693
0,1266600196852357
0,14070562268402573
0,19122589482263172
0,1043108790038834
0,32237003274716786
0,24743283334436866
0,3409136829451642
result_distance_list
1,3061004151858966
0,7369571085102529
0,1731475792990107
0,14407489928301478
0,22193869017586224
0,45552142586127514
0,20196322013624085
0,30856977517032436
0,09778232908649515
1,086096659048308
0,40217742664573164
0,032710134196348745
0,011659370002344696
0,16337714597327926
0,04877670111875018
0,002164531029847236
0,3586408145179004
0,16165946213487115
0,37769359992607693
0,23524657710076777
0,4942836817452494
0,7772787121627395
0,21775364510395234
0,11310407176211643
0,010606981465969719
0,2073941505930588
0,22420399552634107
0,048868298047772575
0,12466173042216923
1,4648507748774835
0,5590474416550963
0,15780717554174248
0,7416361814897642
0,33659579436975345
0,45235717652741836
0,1031381885761375
0,07555469293326383
0,46606849837460557
0,23270292039805643
0,17947224367977535
0,12854570928664083
0,09091752673231912
0,04914170999767123
0,031720495128022046
0,30903272419458416
0,5050082623731529
0,5586736026716818
0,12102094097673115
0,36261612582042874
0,15767750329030095
0,08939469879971863
0,3290358219679025
0,5760426570663137
0,00039616356306732486
0,08963428548720401
0,4295686631306324
0,2864141813369802
0,17521871836379602
0,7489629796186849
0,03516969547162809
0,057932860574470245
0,27620088229290657
0,041605297141547384
0,061278896927008886
0,2809216496330716
0,058452218285341556
0,4549844501481304
1,4788621216128186
0,03242015264589153
0,7767771869581647
0,32970724762582637
0,5817855532240649
0,5448249596595622
0,09801589077756648
0,07114578578521756
0,337214305536803
0,2180567479593441
0,0001414654734344791
0,3527408985052422
0,4112246959939025
0,13352713673197
0,6624600254534873
0,16698965602662522
0,40133002771790816
0,0013503067354791345
0,2884040714158954
0,3397569883095807
0,16257514864676018
0,5089716150488175
0,039110436692914016
0,0880009535737827
0,17944378108133893
0,03958218427603071
0,14852471241612397
0,0821648188286902
0,05815219582907302
0,10255606650751949
0,007476508914980826
0,009946737060893496
0,04704751146603054
0,2910780613075582
0,19769748896455017
0,10929464826638216
0,22608858039142815
0,09955831289051999
0,29990260743235836
0,04908544583712543
0,11087266594608196
0,13552059866093255
0,24974965950735672
0,24766806495809815
0,07165481313982924
0,070899350748256
0,5730649677095537
0,8194665549666797
0,48587952039452664
0,19813203862055462
0,017266345741358383
0,20962903880630898
0,24430181152747146
0,03648843953169491
0,6465160658045735
0,9262035907195016
0,6869867398859297
0,15061393104285836
0,03311409157555752
0,013055016766619491
0,19821658456234575
0,16262548795272325
0,39279750018017073
0,4157933232322669
0,050809321131402296
0,040878173621915585
0,21119628605187013
0,016787867904887625
0,524348192477934
0,16769927641310942
0,19341299886772254
0,08127177169089045
0,02785324480421373
0,2933186832394461
0,1669533169070645
0,3186939019553319
0,13395270672989143
0,009410160414959123
0,06399282369828783
0,8132560804399334
0,0952126980358849
1,3094195901635222
0,005473063644015008
0,2871127794192281
0,6049984261075346
0,5457928387274802
0,0470425003698043
0,07089642788646132
0,010387692270313663
0,19864807058874961
0,004104273486546767
0,19869989907239732
0,3652433745699339
1,3876141703856526
0,042646615373540704
0,21907350621919905
0,6476473790584302
0,7049037628758953
0,5048968112449911
0,9238706531335258
0,16520199386216156
0,6632233548169345
0,007006863077829753
0,26213614524224393
0,04458023065698853
0,04620885023453675
0,04839555184558612
0,038211838802662226
0,4251429510078195
0,10705293965788748
0,10863208384150674
0,05182297698613169
0,2606671954499638
0,04883149149056938
2,419664800066669
0,05170020208577263
0,033240134306987044
0,22333079627077282
0,11218373543970768
0,15094799472368303
0,4460487504348946
0,5338624151062364
0,1580966071195019
0,2730725489861142
0,11190481214050152
0,15697892155340196
0,2253315325657984
0,2411315610254979
0,10339483043259799
0,004248731271987782
0,03121613122467917
0,05589747960808826
0,6030594170643265